   1           "sp"   90  3740.239502
   2      "iy-d+iy"   10   26.927134  42.117104 148.840988
   3         "l+aa"    8  350.638672  58.044014  98.954308
   4         "l-ow"    6    9.999916   9.999904   8.999907
   5         "l-uw"    6   37.436924  62.032299  16.998024
   6      "p-ih+ng"    6   66.064384 106.470421 111.731102
   7         "m+iy"   10   11.997866  11.015699  16.949196
   8       "m-iy+d"   10   64.865143 230.225998 132.891373
   9       "m-ao+l"   12  330.605560 159.718796 148.389191
  10       "r-eh+d"    6   10.999813   6.843894  40.454472
  11       "s-t+aa"   10  236.029373 148.296524 101.158882
  12      "d-iy+ah"   10   20.828526  10.343826  16.242008
  13          "b+l"    6   74.063751  83.270081 163.023727
  14          "g+r"    6  116.142395 187.729294 123.161133
  15       "s-m+ao"   12   29.223965  33.986710  62.840752
  16         "eh-d"    6  113.574806   9.373646   6.999212
  17         "eh-r"   10   17.077171  30.363430  46.652546
  18          "s+k"   10  300.717163  80.620247  32.389637
  19          "s+m"   12  236.439377  39.306984  47.286095
  20          "s+t"   10  292.713501  30.497293  26.666412
  21          "sil"   60  334.548706 3740.239502 393.965210
  22         "ng-k"    6    6.000916   5.999879   5.999930
  23       "k-w+eh"   10  310.448792  77.924721  31.085251
  24         "p+ih"    6   52.724731  74.836517 144.430298
  25       "b-ao+l"   10  378.706604 117.595146 112.176117
  26        "s-k+w"   10   36.663280  30.421741  47.184654
  27       "b-l+uw"    6   36.468666  62.534382  22.171013
  28         "y+eh"    6   68.798248  87.619133 228.526215
  29       "l-aa+r"    8  112.170212  72.826469  44.267433
  30      "ih-ng+k"    6   30.448608  10.618853  12.999812
  31       "t-aa+r"   10   18.863722  10.532505  29.897243
  32       "r-iy+n"    6    9.975657   6.281624   9.622714
  33         "r+eh"    6   57.891380  19.718645  48.721664
  34       "w-eh+r"   10   80.036476  34.305756  15.151515
  35         "r-jh"    8   77.851158  27.134054  26.771957
  36       "y-eh+l"    6   37.749378  42.110695  59.621365
  37      "aa-r+jh"    8  216.010773  17.202175 175.995361
  38         "b+ao"   10   10.027479  16.110598  35.599731
  39       "g-r+iy"    6   78.226593  19.497705 112.358604
  40      "iy-ah+m"   10   44.209728 171.438141  26.231720
  41         "aa-r"   10   40.077526  48.198177 601.222900
  42         "ah-m"   10   11.770395  13.019221  32.935856
  43      "eh-l+ow"    6   87.519440  16.022081   7.010291
  44         "iy-n"    6   17.001938  11.945805  23.625982
  45         "ao-l"   22  550.517944  55.793224  86.345154
